100
6 5000002
2 021
3 2201
6 0000001
0 1
6 9120301
0 1
2 701
6 7186415
6 0000601
6 0002001
6 0000001
5 576561
0 5
1 71
4 00401
6 0000001
6 7037701
6 0600001
4 00001
4 00201
4 11111
3 0001
6 0222001
6 5009001
6 1021001
6 3009031
3 0101
6 0121121
6 4010007
6 0000001
6 2101021
6 0001001
6 8070004
3 0001
6 2012101
4 07051
6 0042301
6 0300001
6 0000401
6 2221021
6 0221212
5 110011
6 5096067
5 800801
4 98485
2 912
3 0001
5 640002
6 4000301
6 0000001
6 8737658
6 8900001
6 7000001
5 000001
6 6573872
3 3124
2 001
1 51
6 0040081
6 0000011
6 0000001
0 8
0 1
6 4817582
3 1211
3 2011
0 2
6 9999999
6 7008271
4 11102
1 07
3 7901
3 8001
6 9114966
0 7
6 1112101
6 2021211
6 6400001
6 9050002
0 1
6 1111111
6 2394598
6 9000001
1 09
6 8493277
6 5000096
6 1220211
2 713
1 21
6 1112221
6 8991526
6 6000501
6 2201122
6 3492987
6 2212021
6 0400001
4 11111
4 01011
5 500281
