100
5 4
2 1
4 20
32 1048139196
38 60985000231
45 6207173825811
29 58526324
7 31
4 2
4 3
7 8
19 8991
7 1
4 4
7 20
36 2494276660
3 2
50 281474976710655
13 1187
3 3
7 19
4 5
7 10
10 222
33 447178573
2 2
7 2
49 140737488355328
42 266972024212
7 17
7 32
42 520048705339
9 101
14 2639
7 26
25 1000000000000000000
20 212331
7 15
21 304205
25 8388609
32 57340872
7 18
50 281474976710656
47 27401149156351
7 23
17 3978
7 3
7 24
49 281474976710656
37 19432740468
24 273503
49 77710659679598
7 30
49 45737719921751
20 188181
25 252525
7 14
7 27
7 33
7 12
7 6
50 281474976710657
29 69124987
7 7
7 4
41 351411781732
25 2353267
13 1192
27 19809995
50 999999999999999999
16 10308
19 32276
7 5
7 28
18 26500
30 62246879
50 140737488355328
7 11
34 4280072120
50 105553116266496
7 16
8 3
49 140737488355329
23 1645518
20 247146
7 22
7 25
50 1
50 1000000000000000000
42 74762710190
7 21
3 1
7 9
7 13
7 29
31 314289366
2 1000000000000000000
4 1
25 7796014
24 1997903
