846
375 611
218 90
347 433
701 587
224 225
253 91
459 371
803 696
93 776
722 630
531 576
74 524
647 207
673 260
387 486
39 496
532 49
422 331
346 840
107 61
297 27
760 476
786 525
424 138
160 67
150 165
24 17
315 730
534 196
247 273
22 233
352 239
493 335
264 448
411 688
383 74
123 515
707 168
200 420
370 303
389 296
246 473
212 324
135 171
126 418
609 383
319 186
65 173
467 188
841 775
434 675
788 701
36 96
56 342
258 17
489 610
32 28
570 393
130 398
274 648
254 452
81 577
613 214
512 306
6 16
244 429
362 408
173 331
4 9
716 469
81 62
31 275
186 189
53 151
475 456
353 377
84 314
480 174
159 167
509 623
360 314
141 46
17 3
413 406
212 241
544 572
505 128
150 51
778 8
660 443
337 229
276 630
430 47
105 719
225 693
525 265
99 100
65 274
152 224
397 8
566 291
461 567
87 88
542 503
304 450
20 629
8 405
246 582
509 101
386 189
448 549
358 425
681 581
597 268
157 187
15 5
87 108
109 307
282 165
84 63
2 1
365 273
38 558
50 99
66 28
164 112
766 791
546 627
388 39
591 149
444 100
687 13
238 529
703 577
514 213
742 77
75 140
177 245
809 625
70 130
181 121
151 677
107 152
87 124
735 6
752 516
528 744
73 82
322 361
57 51
220 71
329 148
80 51
51 221
68 133
95 71
804 631
1 353
400 460
778 807
379 129
256 126
751 810
149 805
30 541
372 346
649 447
414 79
86 9
568 284
53 87
658 233
715 185
93 132
452 651
587 389
440 61
499 351
636 115
303 138
174 113
676 290
635 283
82 172
712 97
321 347
400 449
63 40
19 3
65 197
270 328
6 109
755 785
553 758
18 46
253 340
31 276
385 56
146 348
112 812
342 768
484 729
497 674
832 440
784 766
223 723
62 302
170 248
13 51
813 301
268 280
522 38
110 155
3 135
33 94
594 663
741 317
210 325
42 50
6 105
239 3
85 686
4 38
154 692
137 725
37 36
483 81
277 478
137 226
818 612
356 177
593 371
439 588
827 389
138 81
212 99
139 81
800 715
615 97
347 842
586 85
105 831
7 67
359 61
487 740
837 63
156 228
404 369
539 525
495 555
13 685
697 724
251 368
492 342
84 607
40 2
745 843
322 654
36 504
93 69
452 533
406 97
574 134
543 359
484 713
435 320
51 83
311 6
78 97
689 767
69 142
822 568
212 442
70 190
229 187
614 561
820 501
251 237
231 183
51 203
507 86
555 616
569 319
77 89
308 310
462 355
276 318
105 684
9 136
79 40
727 385
733 801
95 215
83 235
32 102
777 352
285 698
546 441
605 94
133 602
188 132
270 80
279 210
468 186
35 115
464 618
478 798
154 137
398 794
477 42
112 31
620 106
771 746
192 149
132 175
463 579
222 7
162 96
45 298
780 50
151 254
36 488
381 66
532 578
816 7
11 176
154 186
584 450
545 43
16 77
734 223
201 51
349 721
573 336
371 171
48 182
33 19
380 131
7 147
122 327
400 20
52 180
277 479
617 631
122 375
326 233
845 97
202 773
753 413
819 323
557 121
97 148
1 42
266 466
387 293
5 470
510 457
402 200
624 600
305 214
799 433
564 487
424 714
147 641
207 657
211 28
696 10
13 208
550 797
44 209
284 176
811 16
21 519
516 428
206 343
650 266
27 36
645 352
133 666
640 671
44 111
764 661
35 249
312 309
185 179
13 1
772 556
699 156
95 101
75 60
212 395
119 106
599 728
81 202
262 57
94 706
51 269
61 736
458 521
457 293
156 378
111 482
28 656
367 281
17 68
453 349
114 247
335 806
128 217
601 204
761 402
53 125
274 441
737 433
62 6
166 571
835 771
45 25
119 145
264 2
625 377
54 65
196 252
721 844
351 314
295 264
561 417
63 73
412 642
263 495
291 239
374 54
7 144
282 808
411 271
661 279
8 21
227 345
15 339
127 358
267 123
46 323
390 292
53 59
458 29
59 454
94 232
526 190
52 412
25 334
518 376
69 178
332 208
79 330
149 53
69 301
41 3
325 382
75 738
77 451
129 494
781 185
434 689
433 581
632 221
150 290
253 793
472 323
782 597
437 408
523 126
56 369
621 306
121 90
18 123
157 193
528 846
7 8
323 355
436 257
214 173
359 391
535 312
166 80
439 148
334 763
6 2
394 464
92 194
179 145
23 44
839 398
299 45
592 458
396 143
264 585
802 113
427 119
553 502
41 293
322 212
102 344
222 461
795 451
160 306
4 5
659 540
236 530
560 326
109 146
536 197
640 349
230 189
99 511
20 403
46 72
112 376
133 227
53 42
219 182
167 826
1 11
396 600
553 769
4 1
619 324
130 789
796 623
163 133
336 321
184 173
711 274
821 486
662 614
747 118
113 508
518 628
145 210
297 357
101 333
479 575
390 503
490 754
180 196
339 487
143 25
164 446
401 100
44 392
23 106
285 242
11 31
743 595
165 431
506 123
236 455
494 720
185 195
680 234
774 324
347 594
170 66
1 54
29 20
208 272
668 429
50 491
23 85
240 23
646 732
298 765
266 40
565 37
6 127
643 783
147 156
685 710
232 281
294 210
163 236
634 515
550 590
655 756
121 556
352 825
531 251
501 127
308 606
213 212
583 84
297 399
134 112
528 204
672 733
31 157
204 89
304 22
665 158
5 7
17 61
111 426
338 155
259 157
237 599
638 248
567 824
322 537
86 655
465 141
321 302
184 271
161 86
113 103
43 10
50 129
562 263
637 268
276 407
770 128
158 15
759 718
244 790
639 210
695 31
102 198
37 118
321 489
20 117
32 47
617 425
394 178
278 60
168 73
2 64
19 128
833 731
58 20
204 350
20 260
612 231
52 443
290 694
322 644
257 70
265 11
528 755
700 374
384 192
708 255
234 100
547 46
316 162
9 10
313 419
527 246
421 367
132 206
762 59
512 580
61 498
285 598
581 697
30 6
600 603
30 114
73 120
101 103
17 22
305 683
76 58
39 469
838 97
28 52
653 380
401 678
94 596
205 243
71 10
199 216
538 353
717 147
733 746
497 260
474 147
38 476
709 621
540 438
823 177
158 320
3 1
121 126
513 412
55 363
552 22
418 485
205 65
127 589
731 131
112 775
112 779
39 277
149 169
745 65
67 237
157 223
403 417
415 383
283 33
143 608
76 341
122 704
110 19
292 38
126 633
317 221
410 34
33 669
49 74
153 5
481 67
1 315
416 171
198 263
137 84
748 523
829 89
55 70
91 50
750 740
548 450
834 669
691 678
502 176
287 169
226 751
23 131
207 18
192 261
418 551
98 667
216 490
227 296
456 209
49 471
159 286
234 500
364 91
664 435
27 563
646 350
815 745
56 43
622 726
22 828
